=== Classification Report ===
              precision    recall  f1-score   support

           A       1.00      1.00      1.00        18
           B       1.00      1.00      1.00        19
           C       1.00      0.94      0.97        16
           D       1.00      1.00      1.00        15
           E       1.00      1.00      1.00        14
           F       1.00      1.00      1.00        19
           G       1.00      1.00      1.00        23
           H       1.00      1.00      1.00        16
           I       1.00      0.95      0.97        20
           J       1.00      1.00      1.00        13
           K       1.00      1.00      1.00        13
           L       1.00      1.00      1.00        12
           M       1.00      1.00      1.00        24
           N       1.00      1.00      1.00        20
           O       0.90      1.00      0.95        18
           P       1.00      1.00      1.00        14
           Q       1.00      0.91      0.95        11
           R       0.94      0.89      0.91        18
           S       0.96      1.00      0.98        24
           T       1.00      1.00      1.00        20
           U       0.92      0.86      0.89        14
           V       0.88      0.95      0.91        22
           W       1.00      1.00      1.00        22
           X       1.00      1.00      1.00        27
           Y       1.00      1.00      1.00        12
           Z       1.00      1.00      1.00        13

    accuracy                           0.98       457
   macro avg       0.98      0.98      0.98       457
weighted avg       0.98      0.98      0.98       457
